2
544
5.904
300
2
v_Li 2 3
0.0 3.4713573800000104 2
-1.0 3.959671988940586 1
Li_i 2 1
0.0 2.6462461100000683 2
1.0 -2.939530639755103 1
2
v_Li 3.1657268286906753e+19
Li_i 3.171666822125282e+19
34
v_O 2 34909971269700.066
v_O 1 1410905914424.27
v_O 0 17288529.81799321
O_i 0 32114217.565710094
O_i -1 0.0347675893710148
v_La -3 564645872137.0775
v_Zr -4 632922.6170076132
Zr_i 0 8.077672382124978e-20
Zr_i 1 3.3028497731549985e-13
Zr_i 2 0.13706463116075343
Zr_i 3 40854.41084571235
Zr_i 4 348355518.4583236
Zr_Li_tet 0 4.416200169300087e-07
Zr_Li_tet 1 0.5464695109841715
Zr_Li_tet 2 2207662385.104804
Zr_Li_tet 3 7.810199397659921e-47
Zr_Li 0 0.0013979613178154626
Zr_Li 1 7062.036466330272
Zr_Li 2 4420390939.465647
Zr_Li 3 541460896946539.3
Zr_La 0 1001978012.4642118
Zr_La 1 1926283690578144.2
La_Zr 0 1772494510.099357
La_Zr -1 1431372544151786.5
Li_La 0 0.2111757536696038
Li_La -1 310570928.11207145
Li_La -2 1.0982285100559912e+16
Li_Zr 0 5.155021477348127e-07
Li_Zr -1 815.0375582847289
Li_Zr -2 12287574222.359632
Li_Zr -3 6638738202283574.0
La_Li 0 0.01115956742315131
La_Li 1 26591.559123523286
La_Li 2 611498497221.7904
