2
544
5.904
300
14
v_O 3 3
2 -4.462686024237846 1
1 -0.9198363610594901 2
0 3.4909776500000653 1
v_Li 2 3
0 3.4713573800000104 2
-1 3.959671988940586 1
Li_i 2 1
0 2.6462461100000683 2
1 -2.939530639755103 1
O_i 2 1
0 4.748925799999977 1
-1 10.455873548940515 1
v_La 1 2
-3 13.090599598259026 1
v_Zr 1 1
-4 18.21056016913296 1
Zr_i 5 1
0 10.385774575000063 1
1 5.379429933940598 1
2 -1.1169920880750699 1
3 -5.695246264535194 2
4 -9.99328844195141 1
Zr_Li_tet 4 1
0 7.2033916050000535 8
1 2.2619473351765236 4
2 -3.725332696657206 2
3 9.6506533863739 1
Zr_Li 4 2
0 6.071948745000061 2
1 1.1278681586774453 4
2 -3.725480925474409 2
3 -8.367979924427654 1
Zr_La 2 2
0 3.3434076075000334 2
1 -1.6549871110062235 1
La_Zr 2 2
0 4.069676092499982 2
-1 5.260431719335289 1
Li_La 3 2
0 7.333766942500067 1
-1 7.643733117032005 1
-2 8.43556176739255 1
Li_Zr 4 1
0 9.31460722500007 1
-1 9.794411302829486 4
-2 10.606840105206594 2
-3 11.849547004353685 1
La_Li 3 3
0 6.166253117500044 1
1 1.2297051225011808 1
2 -3.9998784667378353 1
2
v_Li 3.163805000637e+19
Li_i 3.163815149663e+19
0
