# Energy (eV), DOS
  -20.6596987437107       9.911145688418470E-055
  -20.6350507825366       4.991326613794676E-053
  -20.6104028213626       2.364053308062947E-051
  -20.5857548601886       1.053046837253483E-049
  -20.5611068990145       4.411509892684943E-048
  -20.5364589378405       1.738104858277211E-046
  -20.5118109766664       6.440414753490583E-045
  -20.4871630154924       2.244403026125982E-043
  -20.4625150543184       7.355920072366484E-042
  -20.4378670931443       2.267369521180684E-040
  -20.4132191319703       6.572895895890194E-039
  -20.3885711707963       1.792009674279663E-037
  -20.3639232096222       4.594868561248769E-036
  -20.3392752484482       1.108038835303749E-034
  -20.3146272872741       2.512962560188176E-033
  -20.2899793261001       5.360017418469716E-032
  -20.2653313649261       1.075215534844707E-030
  -20.2406834037520       2.028495303994590E-029
  -20.2160354425780       3.599163943966952E-028
  -20.1913874814040       6.005904178751608E-027
  -20.1667395202299       9.425498206818537E-026
  -20.1420915590559       1.391167354960058E-024
  -20.1174435978819       1.931094769417330E-023
  -20.0927956367078       2.521023788497185E-022
  -20.0681476755338       3.095276472414967E-021
  -20.0434997143598       3.574136183209039E-020
  -20.0188517531857       3.881431198815512E-019
  -19.9942037920117       3.964257306310025E-018
  -19.9695558308376       3.807859580561472E-017
  -19.9449078696636       3.439926483489311E-016
  -19.9202599084896       2.922580915840735E-015
  -19.8956119473155       2.335248348820483E-014
  -19.8709639861415       1.754885356137923E-013
  -19.8463160249675       1.240262386204003E-012
  -19.8216680637934       8.243801814642975E-012
  -19.7970201026194       5.153362096752403E-011
  -19.7723721414454       3.029722986117094E-010
  -19.7477241802713       1.675191001737692E-009
  -19.7230762190973       8.711137881306069E-009
  -19.6984282579232       4.260245151863833E-008
  -19.6737802967492       1.959491755736926E-007
  -19.6491323355752       8.476204711727034E-007
  -19.6244843744011       3.448328090697121E-006
  -19.5998364132271       1.319364728887112E-005
  -19.5751884520531       4.747558295087177E-005
  -19.5505404908790       1.606663358153248E-004
  -19.5258925297050       5.113621967185336E-004
  -19.5012445685310       1.530669735470251E-003
  -19.4765966073569       4.309069695451049E-003
  -19.4519486461829       1.140866133306205E-002
  -19.4273006850088       2.840763012612697E-002
  -19.4026527238348       6.652493637408044E-002
  -19.3780047626608       0.146515333402721     
  -19.3533568014867       0.303480530271930     
  -19.3287088403127       0.591190896055153     
  -19.3040608791387        1.08311304873799     
  -19.2794129179646        1.86624641370840     
  -19.2547649567906        3.02421967234208     
  -19.2301169956166        4.60900137552544     
  -19.2054690344425        6.60616647833991     
  -19.1808210732685        8.90515353043658     
  -19.1561731120944        11.2897069944319     
  -19.1315251509204        13.4608875817869     
  -19.1068771897464        15.0943932789953     
  -19.0822292285723        15.9188591716105     
  -19.0575812673983        15.7896424604113     
  -19.0329333062243        14.7307529442113     
  -19.0082853450502        12.9286012053235     
  -18.9836373838762        10.6804222352888     
  -18.9589894227021        8.31800137179752     
  -18.9343414615281        6.13489675283098     
  -18.9096935003541        4.33989297911079     
  -18.8850455391800        3.04518239576667     
  -18.8603975780060        2.28278652393451     
  -18.8357496168320        2.03386475681930     
  -18.8111016556579        2.25524816116741     
  -18.7864536944839        2.89372479226394     
  -18.7618057333099        3.88695261061235     
  -18.7371577721358        5.15635021888762     
  -18.7125098109618        6.59976625835372     
  -18.6878618497878        8.09022993532139     
  -18.6632138886137        9.48334710079789     
  -18.6385659274397        10.6321615431253     
  -18.6139179662656        11.4061037630961     
  -18.5892700050916        11.7101757286990     
  -18.5646220439176        11.5008588725163     
  -18.5399740827435        10.7954852000061     
  -18.5153261215695        9.67205743129502     
  -18.4906781603955        8.25769055420543     
  -18.4660301992214        6.70663625601310     
  -18.4413822380474        5.17253992271904     
  -18.4167342768733        3.78223441677325     
  -18.3920863156993        2.61820376698146     
  -18.3674383545253        1.71363472907793     
  -18.3427903933512        1.05932274472072     
  -18.3181424321772       0.617944932574759     
  -18.2934944710032       0.339915380058259     
  -18.2688465098291       0.176214326212487     
  -18.2441985486551       8.605224928911868E-002
  -18.2195505874811       3.957101585653181E-002
  -18.1949026263070       1.713023753503150E-002
  -18.1702546651330       6.979511810884732E-003
  -18.1456067039590       2.676010280717458E-003
  -18.1209587427849       9.653702439798281E-004
  -18.0963107816109       3.276414460821497E-004
  -18.0716628204368       1.046087739223593E-004
  -18.0470148592628       3.141775714181865E-005
  -18.0223668980888       8.875637700305206E-006
  -17.9977189369147       2.358443723511666E-006
  -17.9730709757407       5.894417685057976E-007
  -17.9484230145667       1.385595321593046E-007
  -17.9237750533926       3.063408054918465E-008
  -17.8991270922186       6.370018883976839E-009
  -17.8744791310445       1.245775487826433E-009
  -17.8498311698705       2.291388763625599E-010
  -17.8251832086965       3.963831747756663E-011
  -17.8005352475224       6.448922497551099E-012
  -17.7758872863484       9.867636449471438E-013
  -17.7512393251744       1.420012038705355E-013
  -17.7265913640003       1.921865292830870E-014
  -17.7019434028263       2.446274702178759E-015
  -17.6772954416523       2.928453639820362E-016
  -17.6526474804782       3.297022690931266E-017
  -17.6279995193042       3.491046791080361E-018
  -17.6033515581302       3.476476686595734E-019
  -17.5787035969561       3.255912401172342E-020
  -17.5540556357821       2.867845191191310E-021
  -17.5294076746080       2.375681371546824E-022
  -17.5047597134340       1.850845193805691E-023
  -17.4801117522600       1.356130087900107E-024
  -17.4554637910859       9.345056094785836E-026
  -17.4308158299119       6.056360829587478E-027
  -17.4061678687379       3.691397478999805E-028
  -17.3815199075638       2.116016739638441E-029
  -17.3568719463898       1.140766052037998E-030
  -17.3322239852157       5.783933180370606E-032
  -17.3075760240417       2.758030882227483E-033
  -17.2829280628677       1.236870279461428E-034
  -17.2582801016936       5.216729873878942E-036
  -17.2336321405196       2.069291652281428E-037
  -17.2089841793456       7.719589741299174E-039
  -17.1843362181715       2.708419239612342E-040
  -17.1596882569975       8.936896194134119E-042
  -17.1350402958235       2.773362816382817E-043
  -17.1103923346494       8.094235093747093E-045
  -17.0857443734754       2.221744376014721E-046
  -17.0610964123013       5.735370970809956E-048
  -17.0364484511273       1.392445117369144E-049
  -17.0118004899533       3.179390026144047E-051
  -16.9871525287792       6.827452322943410E-053
  -16.9625045676052       1.378867997764479E-054
  -16.9378566064312       2.619002153366992E-056
  -16.9132086452571       4.678408780347268E-058
  -16.8885606840831       7.859766128548387E-060
  -16.8639127229091       1.241853106625253E-061
  -16.8392647617350       1.845355227718517E-063
  -16.8146168005610       2.578925982836076E-065
  -16.7899688393869       3.389588072546093E-067
  -16.7653208782129       4.189904406840500E-069
  -16.7406729170389       4.870913903097176E-071
  -16.7160249558648       5.325568050202692E-073
  -16.6913769946908       5.476089915754709E-075
  -16.6667290335168       5.295711886298666E-077
  -16.6420810723427       4.816452423068343E-079
  -16.6174331111687       4.119830484468225E-081
  -16.5927851499947       3.314214138135844E-083
  -16.5681371888206       2.507442202511868E-085
  -16.5434892276466       1.784146216632402E-087
  -16.5188412664725       1.193930652480420E-089
  -16.4941933052985       7.514098915309581E-092
  -16.4695453441245       4.447580936315295E-094
  -16.4448973829504       2.475825085467766E-096
  -16.4202494217764       1.296179667352012E-098
  -16.3956014606024       6.382041102162108E-101
  -16.3709534994283       2.955310629255694E-103
  -16.3463055382543       1.287051192832612E-105
  -16.3216575770803       5.271541790264693E-108
  -16.2970096159062       2.030619875660398E-110
  -16.2723616547322       7.356457976058925E-113
  -16.2477136935581       2.506444143498715E-115
  -16.2230657323841       8.031496043509435E-118
  -16.1984177712101       2.420382562616550E-120
  -16.1737698100360       6.859946485932528E-123
  -16.1491218488620       1.828548933261676E-125
  -16.1244738876880       4.583968162046569E-128
  -16.0998259265139       1.080751246171400E-130
  -16.0751779653399       2.396398527423118E-133
  -16.0505300041659       4.997369821145894E-136
  -16.0258820429918       9.801060775380684E-139
  -16.0012340818178       1.807814316378231E-141
  -15.9765861206437       3.136055262693827E-144
  -15.9519381594697       5.116379374966341E-147
  -15.9272901982957       7.850384325061969E-150
  -15.9026422371216       1.132839136990891E-152
  -15.8779942759476       1.537427754617549E-155
  -15.8533463147736       1.962322349103279E-158
  -15.8286983535995       2.410308878175655E-161
  -15.8040503924255       4.459656379477751E-160
  -15.7794024312515       3.416370634625410E-157
  -15.7547544700774       2.461521354528045E-154
  -15.7301065089034       1.667982085960572E-151
  -15.7054585477293       1.062987855893624E-148
  -15.6808105865553       6.371099248722633E-146
  -15.6561626253813       3.591282628884015E-143
  -15.6315146642072       1.903855337103651E-140
  -15.6068667030332       9.492212528728263E-138
  -15.5822187418592       4.450923272403909E-135
  -15.5575707806851       1.962826481821878E-132
  -15.5329228195111       8.140720729613362E-130
  -15.5082748583371       3.175359861279094E-127
  -15.4836268971630       1.164855867777930E-124
  -15.4589789359890       4.018838734136972E-122
  -15.4343309748149       1.304001568441628E-119
  -15.4096830136409       3.979282709113562E-117
  -15.3850350524669       1.142038178066731E-114
  -15.3603870912928       3.082517826944634E-112
  -15.3357391301188       7.824916609941279E-110
  -15.3110911689448       1.868112324892866E-107
  -15.2864432077707       4.194453654441516E-105
  -15.2617952465967       8.857210398141421E-103
  -15.2371472854227       1.759007410099291E-100
  -15.2124993242486       3.285394482439089E-098
  -15.1878513630746       5.771072424643881E-096
  -15.1632034019005       9.533989567390816E-094
  -15.1385554407265       1.481296398181379E-091
  -15.1139074795525       2.164504076062009E-089
  -15.0892595183784       2.974568645644211E-087
  -15.0646115572044       3.844489953330264E-085
  -15.0399635960304       4.673073496283423E-083
  -15.0153156348563       5.342144601408978E-081
  -14.9906676736823       5.743515717461348E-079
  -14.9660197125083       5.807498884893301E-077
  -14.9413717513342       5.522676481186302E-075
  -14.9167237901602       4.939229630939198E-073
  -14.8920758289861       4.154492494944388E-071
  -14.8674278678121       3.286441353193402E-069
  -14.8427799066381       2.445022957345992E-067
  -14.8181319454640       1.710760217569276E-065
  -14.7934839842900       1.125756570605644E-063
  -14.7688360231160       6.967050926352770E-062
  -14.7441880619419       4.055109877301224E-060
  -14.7195401007679       2.219756898342472E-058
  -14.6948921395939       1.142766100911563E-056
  -14.6702441784198       5.532971462849585E-055
  -14.6455962172458       2.519466906812224E-053
  -14.6209482560717       1.078966679188737E-051
  -14.5963002948977       4.345668102381369E-050
  -14.5716523337237       1.646092447471432E-048
  -14.5470043725496       5.864095535017434E-047
  -14.5223564113756       1.964703407540852E-045
  -14.4977084502016       6.190733466001621E-044
  -14.4730604890275       1.834578760160032E-042
  -14.4484125278535       5.113046737492019E-041
  -14.4237645666795       1.340208322869991E-039
  -14.3991166055054       3.303801951628002E-038
  -14.3744686443314       7.659578065746908E-037
  -14.3498206831573       1.670109071273267E-035
  -14.3251727219833       3.424790181124293E-034
  -14.3005247608093       6.604991319162655E-033
  -14.2758767996352       1.198007892768027E-031
  -14.2512288384612       2.043601694495973E-030
  -14.2265808772872       3.278551240211053E-029
  -14.2019329161131       4.946714477628799E-028
  -14.1772849549391       7.019414017818052E-027
  -14.1526369937651       9.367722565811920E-026
  -14.1279890325910       1.175753630570892E-024
  -14.1033410714170       1.387866789083250E-023
  -14.0786931102429       1.540736549978594E-022
  -14.0540451490689       1.608637296879021E-021
  -14.0293971878949       1.579563280332665E-020
  -14.0047492267208       1.458696939768069E-019
  -13.9801012655468       1.266899783127667E-018
  -13.9554533043728       1.034829020888536E-017
  -13.9308053431987       7.949578205536368E-017
  -13.9061573820247       5.743395489682978E-016
  -13.8815094208507       3.902496407217583E-015
  -13.8568614596766       2.493822032581828E-014
  -13.8322134985026       1.498778886754653E-013
  -13.8075655373285       8.471471431128948E-013
  -13.7829175761545       4.503283923364906E-012
  -13.7582696149805       2.251381203835541E-011
  -13.7336216538064       1.058566210728151E-010
  -13.7089736926324       4.680975833940631E-010
  -13.6843257314584       1.946723689657705E-009
  -13.6596777702843       7.614160851724473E-009
  -13.6350298091103       2.800851389707300E-008
  -13.6103818479363       9.689673930071631E-008
  -13.5857338867622       3.152685715460010E-007
  -13.5610859255882       9.647324578919197E-007
  -13.5364379644141       2.776461486455948E-006
  -13.5117900032401       7.515216657615163E-006
  -13.4871420420661       1.913231506974938E-005
  -13.4624940808920       4.581297342198758E-005
  -13.4378461197180       1.031896559424195E-004
  -13.4131981585440       2.186575068366380E-004
  -13.3885501973699       4.359775838984158E-004
  -13.3639022361959       8.182557675352841E-004
  -13.3392542750219       1.446430795537710E-003
  -13.3146063138478       2.410587214669035E-003
  -13.2899583526738       3.793879861255797E-003
  -13.2653103914997       5.654014380194942E-003
  -13.2406624303257       8.013549670772847E-003
  -13.2160144691517       1.087379497630074E-002
  -13.1913665079776       1.426252639675348E-002
  -13.1667185468036       1.830991936212305E-002
  -13.1420705856296       2.332288095043742E-002
  -13.1174226244555       2.980648251734120E-002
  -13.0927746632815       3.837887191370822E-002
  -13.0681267021075       4.955597944279828E-002
  -13.0434787409334       6.344316613366152E-002
  -13.0188307797594       7.944036078974161E-002
  -12.9941828185853       9.610719366373503E-002
  -12.9695348574113       0.111310414109301     
  -12.9448868962373       0.122680343992850     
  -12.9202389350632       0.128270323769583     
  -12.8955909738892       0.127207021137365     
  -12.8709430127152       0.120098986827315     
  -12.8462950515411       0.109051773641706     
  -12.8216470903671       9.727995330854178E-002
  -12.7969991291931       8.843770009182200E-002
  -12.7723511680190       8.585360976452344E-002
  -12.7477032068450       9.184424358686578E-002
  -12.7230552456709       0.107230670959658     
  -12.6984072844969       0.131135599970996     
  -12.6737593233229       0.161107411847044     
  -12.6491113621488       0.193578446406044     
  -12.6244634009748       0.224591822376921     
  -12.5998154398008       0.250632433541965     
  -12.5751674786267       0.269324934990005     
  -12.5505195174527       0.279775253184735     
  -12.5258715562787       0.282452743927579     
  -12.5012235951046       0.278692462713783     
  -12.4765756339306       0.270051893060446     
  -12.4519276727565       0.257803489333525     
  -12.4272797115825       0.242759137440444     
  -12.4026317504085       0.225449036936843     
  -12.3779837892344       0.206502351212524     
  -12.3533358280604       0.186985356530459     
  -12.3286878668864       0.168487746861960     
  -12.3040399057123       0.152890374372999     
  -12.2793919445383       0.141925495926690     
  -12.2547439833643       0.136761005604149     
  -12.2300960221902       0.137836295487909     
  -12.2054480610162       0.145044160728565     
  -12.1808000998421       0.158153988073396     
  -12.1561521386681       0.177210541076634     
  -12.1315041774941       0.202614770182567     
  -12.1068562163200       0.234734196669441     
  -12.0822082551460       0.273151661762660     
  -12.0575602939720       0.315920098556513     
  -12.0329123327979       0.359300981435436     
  -12.0082643716239       0.398328278676560     
  -11.9836164104499       0.428176779193112     
  -11.9589684492758       0.445876122959166     
  -11.9343204881018       0.451628988939811     
  -11.9096725269277       0.449050500505733     
  -11.8850245657537       0.444070630669947     
  -11.8603766045797       0.442853115310497     
  -11.8357286434056       0.449577847064123     
  -11.8110806822316       0.465040395020963     
  -11.7864327210576       0.486664946186443     
  -11.7617847598835       0.509872069281749     
  -11.7371367987095       0.530117002939441     
  -11.7124888375355       0.544631830247643     
  -11.6878408763614       0.553102039257049     
  -11.6631929151874       0.557074661634698     
  -11.6385449540133       0.558538221158868     
  -11.6138969928393       0.558512194280768     
  -11.5892490316653       0.556446495887168     
  -11.5646010704912       0.550790735804071     
  -11.5399531093172       0.540476301383765     
  -11.5153051481432       0.526569552119971     
  -11.4906571869691       0.513237841006217     
  -11.4660092257951       0.507470483316826     
  -11.4413612646211       0.517553140150150     
  -11.4167133034470       0.550823376273466     
  -11.3920653422730       0.611487886963465     
  -11.3674173810989       0.699176506304232     
  -11.3427694199249       0.808560579055048     
  -11.3181214587509       0.929992871076248     
  -11.2934734975768        1.05090478947553     
  -11.2688255364028        1.15765120795939     
  -11.2441775752288        1.23752899226510     
  -11.2195296140547        1.28070915872606     
  -11.1948816528807        1.28179959754300     
  -11.1702336917067        1.24076434996666     
  -11.1455857305326        1.16302825634803     
  -11.1209377693586        1.05876928690663     
  -11.0962898081845       0.941554262618881     
  -11.0716418470105       0.826538661904885     
  -11.0469938858365       0.728445407365622     
  -11.0223459246624       0.659533501493190     
  -10.9976979634884       0.627804460036947     
  -10.9730500023144       0.635732233230945     
  -10.9484020411403       0.679766433878288     
  -10.9237540799663       0.750727807160218     
  -10.8991061187923       0.835051274818539     
  -10.8744581576182       0.916719974072713     
  -10.8498101964442       0.979690507421832     
  -10.8251622352701        1.01056696692960     
  -10.8005142740961        1.00116846286200     
  -10.7758663129221       0.950481379696387     
  -10.7512183517480       0.865432018168559     
  -10.7265703905740       0.760091383185652     
  -10.7019224294000       0.653322264316219     
  -10.6772744682259       0.565322667518921     
  -10.6526265070519       0.513792871646217     
  -10.6279785458779       0.510469667103881     
  -10.6033305847038       0.558625824434258     
  -10.5786826235298       0.651983562320718     
  -10.5540346623557       0.775384250577824     
  -10.5293867011817       0.907373814800859     
  -10.5047387400077        1.02445458857911     
  -10.4800907788336        1.10614726618786     
  -10.4554428176596        1.13948384623123     
  -10.4307948564856        1.12149439501313     
  -10.4061468953115        1.05884421361903     
  -10.3814989341375       0.964827223098432     
  -10.3568509729635       0.854924899367914     
  -10.3322030117894       0.742594834553850     
  -10.3075550506154       0.636661209320842     
  -10.2829070894413       0.540846743980332     
  -10.2582591282673       0.455065563892715     
  -10.2336111670933       0.377514441876702     
  -10.2089632059192       0.306542870182448     
  -10.1843152447452       0.241656479244910     
  -10.1596672835712       0.183547011250131     
  -10.1350193223971       0.133471445749402     
  -10.1103713612231       9.246904127674545E-002
  -10.0857234000491       6.081348519888177E-002
  -10.0610754388750       3.786741485061995E-002
  -10.0364274777010       2.228361416569016E-002
  -10.0117795165269       1.237614001550623E-002
  -9.98713155535291       6.481186838833272E-003
  -9.96248359417887       3.198154065011468E-003
  -9.93783563300484       1.486301197329939E-003
  -9.91318767183080       6.503116372959828E-004
  -9.88853971065676       2.678114848830971E-004
  -9.86389174948273       1.037875267919097E-004
  -9.83924378830869       3.784480514362242E-005
  -9.81459582713465       1.298270475925709E-005
  -9.78994786596062       4.189731825654687E-006
  -9.76529990478658       1.271869209236032E-006
  -9.74065194361255       3.631728969711112E-007
  -9.71600398243851       9.754019713095603E-008
  -9.69135602126447       2.464002984454489E-008
  -9.66670806009044       5.854330292555978E-009
  -9.64206009891640       1.308231874574903E-009
  -9.61741213774236       2.749530187302612E-010
  -9.59276417656833       5.434936860046943E-011
  -9.56811621539429       1.010391509136765E-011
  -9.54346825422025       1.766614119718623E-012
  -9.51882029304622       2.905017364199290E-013
  -9.49417233187218       4.492720669780947E-014
  -9.46952437069814       6.534655517699430E-015
  -9.44487640952411       8.938975914980116E-016
  -9.42022844835007       1.150016327591073E-016
  -9.39558048717604       1.391460692722009E-017
  -9.37093252600200       1.583391148461527E-018
  -9.34628456482796       1.694554493826756E-019
  -9.32163660365393       1.705582415775457E-020
  -9.29698864247989       1.614505618976213E-021
  -9.27234068130585       1.437328269871736E-022
  -9.24769272013182       1.203432772518897E-023
  -9.22304475895778       9.476262614209129E-025
  -9.19839679778375       7.017811064940679E-026
  -9.17374883660971       4.887823820615092E-027
  -9.14910087543567       3.201685505658707E-028
  -9.12445291426164       1.972381978043368E-029
  -9.09980495308760       1.142753605816707E-030
  -9.07515699191356       6.226833529182554E-032
  -9.05050903073953       3.203535720675089E-033
  -9.02586106956549       4.189885906264177E-034
  -9.00121310839145       5.272543291051427E-033
  -8.97656514721742       9.832706166628285E-032
  -8.95191718604338       1.726820679011645E-030
  -8.92726922486934       2.852148322644763E-029
  -8.90262126369531       4.430435578284059E-028
  -8.87797330252127       6.472473592661856E-027
  -8.85332534134723       8.892908212557080E-026
  -8.82867738017320       1.149124672072058E-024
  -8.80402941899916       1.396498609938156E-023
  -8.77938145782513       1.596114889439493E-022
  -8.75473349665109       1.715688403596559E-021
  -8.73008553547705       1.734457869280187E-020
  -8.70543757430302       1.649076292369605E-019
  -8.68078961312898       1.474586155557494E-018
  -8.65614165195495       1.240089278047349E-017
  -8.63149369078091       9.808225284653377E-017
  -8.60684572960687       7.295990545963085E-016
  -8.58219776843284       5.104304998197089E-015
  -8.55754980725880       3.358538461101657E-014
  -8.53290184608476       2.078399714056022E-013
  -8.50825388491073       1.209699928857287E-012
  -8.48360592373669       6.622200236598607E-012
  -8.45895796256265       3.409660600968048E-011
  -8.43431000138862       1.651257268757138E-010
  -8.40966204021458       7.521887129818532E-010
  -8.38501407904054       3.223036395703589E-009
  -8.36036611786651       1.299131536210254E-008
  -8.33571815669247       4.926297908439130E-008
  -8.31107019551843       1.757546873021252E-007
  -8.28642223434440       5.900142406697343E-007
  -8.26177427317036       1.864030173207568E-006
  -8.23712631199633       5.543230209302997E-006
  -8.21247835082229       1.552035173215417E-005
  -8.18783038964825       4.092692588630775E-005
  -8.16318242847422       1.016869386897535E-004
  -8.13853446730018       2.381762533557881E-004
  -8.11388650612614       5.262578563435087E-004
  -8.08923854495211       1.097815390761255E-003
  -8.06459058377807       2.164426947900081E-003
  -8.03994262260404       4.038265974676268E-003
  -8.01529466143000       7.140969150142271E-003
  -7.99064670025596       1.199023519826774E-002
  -7.96599873908193       1.915732665547937E-002
  -7.94135077790789       2.919675157845774E-002
  -7.91670281673385       4.255995809440930E-002
  -7.89205485555982       5.951409927235926E-002
  -7.86740689438578       8.009206144206733E-002
  -7.84275893321174       0.104100934746419     
  -7.81811097203771       0.131213776253860     
  -7.79346301086367       0.161161060514780     
  -7.76881504968963       0.194015126862638     
  -7.74416708851560       0.230515182585269     
  -7.71951912734156       0.272317840709979     
  -7.69487116616753       0.322008574174046     
  -7.67022320499349       0.382719843284683     
  -7.64557524381945       0.457308183536174     
  -7.62092728264542       0.547234710320806     
  -7.59627932147138       0.651496628746983     
  -7.57163136029734       0.766056262869014     
  -7.54698339912331       0.884117021533765     
  -7.52233543794927       0.997304236414756     
  -7.49768747677524        1.09744215266200     
  -7.47303951560120        1.17835892500935     
  -7.44839155442716        1.23713541307137     
  -7.42374359325313        1.27444144040949     
  -7.39909563207909        1.29394181985056     
  -7.37444767090505        1.30103216250721     
  -7.34979970973102        1.30128441177285     
  -7.32515174855698        1.29896503262346     
  -7.30050378738295        1.29592127870625     
  -7.27585582620891        1.29107354029127     
  -7.25120786503487        1.28068928352303     
  -7.22655990386084        1.25948446858854     
  -7.20191194268680        1.22237056921076     
  -7.17726398151276        1.16639918802023     
  -7.15261602033872        1.09228952361960     
  -7.12796805916469        1.00498538022168     
  -7.10332009799065       0.912995615184966     
  -7.07867213681662       0.826696076887622     
  -7.05402417564258       0.756108395992519     
  -7.02937621446854       0.708774968450099     
  -7.00472825329451       0.688221911853808     
  -6.98008029212047       0.693269956896381     
  -6.95543233094643       0.718256157685168     
  -6.93078436977240       0.754112406152898     
  -6.90613640859836       0.790152990103921     
  -6.88148844742433       0.816281134539208     
  -6.85684048625029       0.825146324986699     
  -6.83219252507625       0.813683121235474     
  -6.80754456390222       0.783563426799982     
  -6.78289660272818       0.740417720196819     
  -6.75824864155414       0.692097689055411     
  -6.73360068038011       0.646559535139291     
  -6.70895271920607       0.610001256554635     
  -6.68430475803204       0.585696273202864     
  -6.65965679685800       0.573666420168479     
  -6.63500883568396       0.571088606094911     
  -6.61036087450993       0.573210466645507     
  -6.58571291333589       0.574535479170225     
  -6.56106495216185       0.570052912338550     
  -6.53641699098782       0.556288347924804     
  -6.51176902981378       0.531956293354825     
  -6.48712106863974       0.498059563061761     
  -6.46247310746571       0.457421583147716     
  -6.43782514629167       0.413813064018911     
  -6.41317718511763       0.370958651241129     
  -6.38852922394360       0.331718553000010     
  -6.36388126276956       0.297637732605801     
  -6.33923330159553       0.268904360356245     
  -6.31458534042149       0.244635915860157     
  -6.28993737924745       0.223356698907051     
  -6.26528941807342       0.203536529785305     
  -6.24064145689938       0.184091591818621     
  -6.21599349572534       0.164774808663833     
  -6.19134553455131       0.146398588819049     
  -6.16669757337727       0.130848265226353     
  -6.14204961220323       0.120869611442978     
  -6.11740165102920       0.119644963227169     
  -6.09275368985516       0.130199719887138     
  -6.06810572868113       0.154703300941242     
  -6.04345776750709       0.193758519555654     
  -6.01880980633305       0.245820244774801     
  -5.99416184515902       0.306930092433496     
  -5.96951388398498       0.370949731283224     
  -5.94486592281094       0.430374579170928     
  -5.92021796163691       0.477617920803244     
  -5.89557000046287       0.506452111810361     
  -5.87092203928883       0.513193031042800     
  -5.84627407811480       0.497287462187127     
  -5.82162611694076       0.461181291934326     
  -5.79697815576673       0.409594606971205     
  -5.77233019459269       0.348486549931597     
  -5.74768223341865       0.284008446335829     
  -5.72303427224461       0.221657134304878     
  -5.69838631107058       0.165730139512320     
  -5.67373834989654       0.119104297989358     
  -5.64909038872251       8.331325302953960E-002
  -5.62444242754847       5.886257228158098E-002
  -5.59979446637444       4.567946052561996E-002
  -5.57514650520040       4.355906353706511E-002
  -5.55049854402636       5.246673219989444E-002
  -5.52585058285232       7.260030240518923E-002
  -5.50120262167829       0.104198415369303     
  -5.47655466050425       0.147168763777965     
  -5.45190669933022       0.200667886773676     
  -5.42725873815618       0.262770750148811     
  -5.40261077698214       0.330329505708099     
  -5.37796281580811       0.399064064986213     
  -5.35331485463407       0.463881151485624     
  -5.32866689346003       0.519391169666454     
  -5.30401893228600       0.560567726289631     
  -5.27937097111196       0.583455765857545     
  -5.25472300993792       0.585789604551826     
  -5.23007504876389       0.567367534328395     
  -5.20542708758985       0.530076751082168     
  -5.18077912641582       0.477562754809576     
  -5.15613116524178       0.414640876884649     
  -5.13148320406774       0.346600299873143     
  -5.10683524289371       0.278537741107854     
  -5.08218728171967       0.214808919470212     
  -5.05753932054563       0.158643077701904     
  -5.03289135937160       0.111946016719666     
  -5.00824339819756       7.530561362116783E-002
  -4.98359543702353       4.818920569645124E-002
  -4.95894747584949       2.928269510339891E-002
  -4.93429951467545       1.688698437834719E-002
  -4.90965155350142       9.281185592036979E-003
  -4.88500359232738       4.989406768451692E-003
  -4.86035563115334       2.933561652714220E-003
  -4.83570766997931       2.494771947751077E-003
  -4.81105970880527       3.522973165065424E-003
  -4.78641174763123       6.324095612846082E-003
  -4.76176378645720       1.162462957966475E-002
  -4.73711582528316       2.048035559005802E-002
  -4.71246786410912       3.407944816422713E-002
  -4.68781990293509       5.340894027042743E-002
  -4.66317194176105       7.881582529147389E-002
  -4.63852398058701       0.109584638683451     
  -4.61387601941298       0.143727822475451     
  -4.58922805823894       0.178183636424179     
  -4.56458009706491       0.209498816198139     
  -4.53993213589087       0.234859247501227     
  -4.51528417471683       0.253113911882973     
  -4.49063621354280       0.265343874496453     
  -4.46598825236876       0.274648826626657     
  -4.44134029119472       0.285140192962505     
  -4.41669233002069       0.300503493333893     
  -4.39204436884665       0.322729097404057     
  -4.36739640767262       0.351567843679952     
  -4.34274844649858       0.384944700707049     
  -4.31810048532454       0.420110520863412     
  -4.29345252415051       0.454957366251918     
  -4.26880456297647       0.488851963204892     
  -4.24415660180243       0.522596428967389     
  -4.21950864062839       0.557579861236454     
  -4.19486067945436       0.594608716927120     
  -4.17021271828033       0.633079569421827     
  -4.14556475710629       0.670986917600707     
  -4.12091679593225       0.705815275576175     
  -4.09626883475822       0.735865378511960     
  -4.07162087358418       0.761269053541473     
  -4.04697291241014       0.784031625059797     
  -4.02232495123610       0.806897319886211     
  -3.99767699006207       0.831457356414208     
  -3.97302902888804       0.856398482304935     
  -3.94838106771400       0.876854943542523     
  -3.92373310653996       0.885406339736405     
  -3.89908514536592       0.874534423047736     
  -3.87443718419189       0.839663972118287     
  -3.84978922301785       0.781609612081574     
  -3.82514126184381       0.707477430707995     
  -3.80049330066978       0.629691545222774     
  -3.77584533949574       0.563500018646826     
  -3.75119737832171       0.523742728956736     
  -3.72654941714767       0.521717566143271     
  -3.70190145597363       0.562777021506335     
  -3.67725349479960       0.645038884610562     
  -3.65260553362556       0.759425861215322     
  -3.62795757245152       0.891112366047229     
  -3.60330961127748        1.02222555922870     
  -3.57866165010345        1.13528689964105     
  -3.55401368892942        1.21653621777746     
  -3.52936572775538        1.25819422033325     
  -3.50471776658134        1.25903310457209     
  -3.48006980540731        1.22324173523108     
  -3.45542184423327        1.15819587589814     
  -3.43077388305923        1.07206865138456     
  -3.40612592188520       0.972112703452215     
  -3.38147796071116       0.864017598180762     
  -3.35682999953713       0.752238932246957     
  -3.33218203836309       0.640843573021379     
  -3.30753407718905       0.534333075839810     
  -3.28288611601501       0.438065183782378     
  -3.25823815484098       0.358163371957359     
  -3.23359019366694       0.301037217611389     
  -3.20894223249291       0.272734487656887     
  -3.18429427131887       0.278301812509329     
  -3.15964631014483       0.321213093013532     
  -3.13499834897080       0.402824496538108     
  -3.11035038779676       0.521793491768380     
  -3.08570242662272       0.673469923457857     
  -3.06105446544869       0.849404961568872     
  -3.03640650427465        1.03727584949658     
  -3.01175854310061        1.22160525391799     
  -2.98711058192658        1.38555771826317     
  -2.96246262075254        1.51375888544091     
  -2.93781465957851        1.59557675539243     
  -2.91316669840447        1.62786458813303     
  -2.88851873723043        1.61608847978369     
  -2.86387077605639        1.57320144971074     
  -2.83922281488236        1.51643835343207     
  -2.81457485370832        1.46300292843297     
  -2.78992689253429        1.42599873807667     
  -2.76527893136025        1.41176174026886     
  -2.74063097018622        1.41915142556552     
  -2.71598300901218        1.44070022843228     
  -2.69133504783814        1.46509318850756     
  -2.66668708666410        1.48031224350202     
  -2.64203912549007        1.47679834701650     
  -2.61739116431603        1.45000536899536     
  -2.59274320314200        1.40172768027035     
  -2.56809524196796        1.33971416893626     
  -2.54344728079392        1.27547394909265     
  -2.51879931961989        1.22079669703024     
  -2.49415135844585        1.18409306079194     
  -2.46950339727182        1.16786455523019     
  -2.44485543609778        1.16824707239450     
  -2.42020747492374        1.17675556790259     
  -2.39555951374970        1.18347320631573     
  -2.37091155257567        1.18040681803275     
  -2.34626359140163        1.16379985107837     
  -2.32161563022760        1.13476044422623     
  -2.29696766905356        1.09829172554902     
  -2.27231970787953        1.06134511962083     
  -2.24767174670549        1.03067248092895     
  -2.22302378553145        1.01108311134953     
  -2.19837582435741        1.00441311073783     
  -2.17372786318338        1.00926766213427     
  -2.14907990200934        1.02146518731190     
  -2.12443194083531        1.03505092515959     
  -2.09978397966127        1.04368725430095     
  -2.07513601848723        1.04215222132642     
  -2.05048805731320        1.02763063222346     
  -2.02584009613916        1.00051519396373     
  -2.00119213496512       0.964548866168053     
  -1.97654417379109       0.926278743622325     
  -1.95189621261705       0.893899741835907     
  -1.92724825144301       0.875640746720196     
  -1.90260029026898       0.877934871838781     
  -1.87795232909494       0.903749456247239     
  -1.85330436792091       0.951574504555189     
  -1.82865640674687        1.01554561563431     
  -1.80400844557283        1.08689467020342     
  -1.77936048439879        1.15640769116969     
  -1.75471252322476        1.21704011462731     
  -1.73006456205072        1.26560439294409     
  -1.70541660087669        1.30271795911123     
  -1.68076863970265        1.33093836044523     
  -1.65612067852862        1.35189569157257     
  -1.63147271735458        1.36381061472474     
  -1.60682475618054        1.36072211352519     
  -1.58217679500650        1.33401474145822     
  -1.55752883383247        1.27575259667487     
  -1.53288087265843        1.18242343670359     
  -1.50823291148440        1.05743540430820     
  -1.48358495031036       0.911237776169944     
  -1.45893698913632       0.758991661193632     
  -1.43428902796229       0.616759534213216     
  -1.40964106678825       0.497706308340718     
  -1.38499310561421       0.409611997170883     
  -1.36034514444018       0.354280320071190     
  -1.33569718326614       0.328614282144856     
  -1.31104922209211       0.326604661511630     
  -1.28640126091807       0.341389698032284     
  -1.26175329974403       0.366791235916983     
  -1.23710533857000       0.398091274659131     
  -1.21245737739596       0.432099221587944     
  -1.18780941622192       0.466709696355030     
  -1.16316145504788       0.500198688002454     
  -1.13851349387385       0.530513761815221     
  -1.11386553269981       0.554808404220961     
  -1.08921757152578       0.569429870312626     
  -1.06456961035174       0.570456392221390     
  -1.03992164917770       0.554688447849376     
  -1.01527368800367       0.520787723569880     
 -0.990625726829631       0.470131073578332     
 -0.965977765655595       0.406995892969885     
 -0.941329804481558       0.337925224462405     
 -0.916681843307522       0.270436035605128     
 -0.892033882133486       0.211477168142780     
 -0.867385920959450       0.166100103854753     
 -0.842737959785413       0.136673143580176     
 -0.818089998611377       0.122747236502558     
 -0.793442037437341       0.121492029164712     
 -0.768794076263305       0.128526735013538     
 -0.744146115089269       0.138952657459593     
 -0.719498153915229       0.148395477952159     
 -0.694850192741196       0.153855883039500     
 -0.670202231567160       0.154171320076601     
 -0.645554270393124       0.149958734635828     
 -0.620906309219087       0.143055502242022     
 -0.596258348045051       0.135657200626870     
 -0.571610386871011       0.129476273444347     
 -0.546962425696975       0.125238080633469     
 -0.522314464522939       0.122679209863260     
 -0.497666503348903       0.120984293814272     
 -0.473018542174870       0.119402507611402     
 -0.448370581000834       0.117718462143625     
 -0.423722619826794       0.116344574841288     
 -0.399074658652758       0.116004293196629     
 -0.374426697478722       0.117185812917871     
 -0.349778736304685       0.119660779861800     
 -0.325130775130649       0.122328122873414     
 -0.300482813956613       0.123481011845311     
 -0.275834852782577       0.121389134447771     
 -0.251186891608540       0.114941927702976     
 -0.226538930434504       0.104079485418809     
 -0.201890969260468       8.984648221967118E-002
 -0.177243008086432       7.407616007780871E-002
 -0.152595046912396       5.885703431168409E-002
 -0.127947085738359       4.599113826450828E-002
 -0.103299124564320       3.661212871324998E-002
 -7.865116339028333E-002  3.103678922660565E-002
 -5.400320221625066E-002  2.883193137391463E-002
 -2.935524104221443E-002  2.902730872230823E-002
 -4.707279868178205E-003  3.039627037410780E-002
  1.994068130585802E-002  3.173912841894796E-002
  4.458864247989780E-002  3.211932674548466E-002
  6.923660365393403E-002  3.101384340065590E-002
  9.388456482797025E-002  2.835362197763274E-002
  0.118532526002006       2.445373028662344E-002
  0.143180487176039       1.986266431659284E-002
  0.167828448350075       1.518287239086399E-002
  0.192476409524115       1.091802081190185E-002
  0.217124370698151       7.384809349945418E-003
  0.241772331872188       4.697959112419940E-003
  0.266420293046224       2.810863966763457E-003
  0.291068254220260       1.581702636183230E-003
  0.315716215394296       8.370700696764034E-004
  0.340364176568333       4.166313965039273E-004
  0.365012137742369       1.950342653741960E-004
  0.389660098916405       8.588974623364254E-005
  0.414308060090441       3.563711766095044E-005
  0.438956021264477       1.406710234492771E-005
  0.463603982438514       5.604277546920240E-006
  0.488251943612550       2.956644861597969E-006
  0.512899904786590       3.194417553818409E-006
  0.537547865960626       5.710254902204855E-006
  0.562195827134659       1.152198209804132E-005
  0.586843788308695       2.371457966478180E-005
  0.611491749482731       4.932801245745614E-005
  0.636139710656767       1.036147977668616E-004
  0.660787671830807       2.181962499540230E-004
  0.685435633004843       4.549127787584845E-004
  0.710083594178879       9.264939213304238E-004
  0.734731555352916       1.822867581449234E-003
  0.759379516526948       3.437689744535976E-003
  0.784027477700988       6.184340165117081E-003
  0.808675438875024       1.058659767246000E-002
  0.833323400049061       1.722987107759932E-002
  0.857971361223097       2.666669492898421E-002
  0.882619322397133       3.928441327113961E-002
  0.907267283571169       5.515871221136028E-002
  0.931915244745205       7.392734629387551E-002
  0.956563205919242       9.472021817616112E-002
  0.981211167093278       0.116176515371470     
   1.00585912826731       0.136571083233230     
   1.03050708944135       0.154060636817482     
   1.05515505061539       0.167038305566161     
   1.07980301178942       0.174544408365281     
   1.10445097296346       0.176628332449158     
   1.12909893413750       0.174519089379243     
   1.15374689531154       0.170479047286988     
   1.17839485648557       0.167306234988833     
   1.20304281765960       0.167591240523181     
   1.22769077883364       0.172959677614004     
   1.25233874000768       0.183569617109491     
   1.27698670118172       0.198055351061807     
   1.30163466235575       0.213948351968924     
   1.32628262352979       0.228441636383895     
   1.35093058470382       0.239267705020255     
   1.37557854587786       0.245455749357023     
   1.40022650705190       0.247788524045603     
   1.42487446822593       0.248842530608733     
   1.44952242939997       0.252546501846945     
   1.47417039057401       0.263259633422511     
   1.49881835174804       0.284494076908648     
   1.52346631292208       0.317583070056866     
   1.54811427409611       0.360747296278181     
   1.57276223527015       0.409014516422625     
   1.59741019644419       0.455221873203102     
   1.62205815761822       0.491922722153987     
   1.64670611879226       0.513609036613457     
   1.67135407996630       0.518466904948567     
   1.69600204114033       0.509031346875106     
   1.72065000231437       0.491537672641788     
   1.74529796348841       0.474263214195542     
   1.76994592466244       0.465473761416722     
   1.79459388583648       0.471610517482654     
   1.81924184701051       0.496128439843788     
   1.84388980818455       0.539092515723839     
   1.86853776935859       0.597414396269770     
   1.89318573053263       0.665530150385282     
   1.91783369170666       0.736342493138408     
   1.94248165288070       0.802302455171595     
   1.96712961405473       0.856537552103498     
   1.99177757522877       0.893938501799556     
   2.01642553640281       0.912100249008777     
   2.04107349757684       0.911973584752689     
   2.06572145875088       0.898028232664168     
   2.09036941992492       0.877705111625016     
   2.11501738109895       0.860026489913700     
   2.13966534227299       0.853486756196122     
   2.16431330344702       0.863701430856863     
   2.18896126462106       0.891566474407851     
   2.21360922579510       0.932669548721556     
   2.23825718696913       0.978318740061124     
   2.26290514814317        1.01794270793672     
   2.28755310931721        1.04206146105487     
   2.31220107049124        1.04481468622469     
   2.33684903166528        1.02526679367861     
   2.36149699283932       0.987241392519996     
   2.38614495401335       0.937983077339948     
   2.41079291518739       0.886251094365679     
   2.43544087636142       0.840445728144320     
   2.46008883753546       0.807161516158486     
   2.48473679870950       0.790324322312925     
   2.50938475988353       0.790914277674507     
   2.53403272105757       0.807210415983075     
   2.55868068223161       0.835461445251857     
   2.58332864340564       0.870848652727701     
   2.60797660457968       0.908565484916097     
   2.63262456575372       0.944821517512273     
   2.65727252692775       0.977596500528392     
   2.68192048810179        1.00700371222002     
   2.70656844927582        1.03515126018018     
   2.73121641044986        1.06543055617944     
   2.75586437162390        1.10126063179525     
   2.78051233279793        1.14450502704670     
   2.80516029397197        1.19400879948537     
   2.82980825514601        1.24484701649581     
   2.85445621632004        1.28878565054078     
   2.87910417749408        1.31607523445218     
   2.90375213866811        1.31814044146700     
   2.92840009984215        1.29025604678083     
   2.95304806101619        1.23318694851763     
   2.97769602219023        1.15313180980104     
   3.00234398336426        1.06000241569166     
   3.02699194453830       0.964753316243164     
   3.05163990571233       0.876806422216540     
   3.07628786688637       0.802448619969702     
   3.10093582806041       0.744542012810864     
   3.12558378923444       0.703276723898941     
   3.15023175040848       0.677312123343403     
   3.17487971158252       0.664639742888067     
   3.19952767275655       0.662811774289498     
   3.22417563393059       0.668625040495210     
   3.24882359510462       0.677704665483039     
   3.27347155627866       0.684524881789220     
   3.29811951745270       0.683190190111722     
   3.32276747862673       0.668876589179888     
   3.34741543980077       0.639408716316874     
   3.37206340097481       0.596253724260036     
   3.39671136214884       0.544377213214690     
   3.42135932332288       0.490877049286108     
   3.44600728449691       0.442860547193803     
   3.47065524567095       0.405376868925995     
   3.49530320684499       0.380182228076514     
   3.51995116801902       0.365729539065127     
   3.54459912919306       0.358247988640803     
   3.56924709036710       0.353375784588985     
   3.59389505154114       0.347699252979894     
   3.61854301271517       0.339729698483443     
   3.64319097388921       0.330171878761096     
   3.66783893506324       0.321623638554843     
   3.69248689623728       0.317979181351930     
   3.71713485741132       0.323778936594389     
   3.74178281858535       0.343626224246636     
   3.76643077975939       0.381663496203164     
   3.79107874093343       0.441031097661994     
   3.81572670210746       0.523242880017380     
   3.84037466328150       0.627498100204005     
   3.86502262445553       0.750074086483523     
   3.88967058562957       0.884048879907268     
   3.91431854680361        1.01961474077954     
   3.93896650797764        1.14511778379698     
   3.96361446915168        1.24872592332379     
   3.98826243032572        1.32039359284144     
   4.01291039149976        1.35367806681925     
   4.03755835267379        1.34701492075908     
   4.06220631384783        1.30421729630296     
   4.08685427502186        1.23411602886862     
   4.11150223619590        1.14935217521630     
   4.13615019736993        1.06441580862668     
   4.16079815854397       0.993174125395116     
   4.18544611971801       0.946348497104421     
   4.21009408089204       0.929564524985520     
   4.23474204206608       0.942552857015125     
   4.25939000324012       0.979763001283383     
   4.28403796441415        1.03218261440285     
   4.30868592558819        1.08975848520988     
   4.33333388676223        1.14368319989360     
   4.35798184793626        1.18797491157351     
   4.38262980911030        1.22010623195428     
   4.40727777028433        1.24074664489416     
   4.43192573145837        1.25285638601380     
   4.45657369263241        1.26041331974436     
   4.48122165380644        1.26704317453553     
   4.50586961498048        1.27481565927418     
   4.53051757615452        1.28345845293962     
   4.55516553732856        1.29018117701390     
   4.57981349850259        1.29016564975195     
   4.60446145967662        1.27760034866648     
   4.62910942085066        1.24699437038041     
   4.65375738202470        1.19446529635450     
   4.67840534319874        1.11875819640530     
   4.70305330437277        1.02185704058364     
   4.72770126554681       0.909123460689772     
   4.75234922672084       0.788923388016603     
   4.77699718789488       0.671725499223296     
   4.80164514906892       0.568730681512649     
   4.82629311024295       0.490215882229763     
   4.85094107141699       0.443883002997206     
   4.87558903259102       0.433527537215111     
   4.90023699376506       0.458279801182203     
   4.92488495493910       0.512581122277401     
   4.94953291611314       0.586984856603316     
   4.97418087728717       0.669793115226466     
   4.99882883846120       0.749381685423154     
   5.02347679963524       0.816802604687108     
   5.04812476080928       0.867985562461687     
   5.07277272198332       0.904777774136267     
   5.09742068315735       0.934314243857053     
   5.12206864433139       0.966760563029667     
   5.14671660550542        1.01208221400964     
   5.17136456667946        1.07686377340174     
   5.19601252785350        1.16214930926451     
   5.22066048902753        1.26285832900955     
   5.24530845020157        1.36879134869283     
   5.26995641137561        1.46683007773905     
   5.29460437254965        1.54376496614685     
   5.31925233372368        1.58917260549669     
   5.34390029489772        1.59777814435720     
   5.36854825607175        1.57072977911830     
   5.39319621724579        1.51529270664794     
   5.41784417841983        1.44279441467310     
   5.44249213959386        1.36523890713549     
   5.46714010076790        1.29163541009778     
   5.49178806194193        1.22539689646479     
   5.51643602311597        1.16388838286786     
   5.54108398429001        1.10037712497737     
   5.56573194546405        1.02761467551799     
   5.59037990663808       0.941565622336272     
   5.61502786781211       0.843753982438964     
   5.63967582898615       0.741344407023517     
   5.66432379016019       0.645074176229161     
   5.68897175133423       0.566004738630951     
   5.71361971250826       0.512389285247687     
   5.73826767368230       0.487689815533465     
   5.76291563485633       0.490162876105697     
   5.78756359603037       0.513826161868395     
   5.81221155720441       0.550271479328595     
   5.83685951837844       0.590738193042315     
   5.86150747955248       0.627974973463961     
   5.88615544072652       0.657548643769258     
   5.91080340190056       0.678358100255238     
   5.93545136307459       0.692231814690954     
   5.96009932424863       0.702693838669145     
   5.98474728542266       0.713256161604331     
   6.00939524659670       0.725814658121933     
   6.03404320777074       0.739745424819556     
   6.05869116894477       0.752053441989143     
   6.08333913011881       0.758495650447775     
   6.10798709129284       0.755181681840097     
   6.13263505246688       0.739956890652232     
   6.15728301364092       0.712998209998420     
   6.18193097481496       0.676440388321274     
   6.20657893598899       0.633300461090279     
   6.23122689716303       0.586258993672535     
   6.25587485833706       0.536859403916122     
   6.28052281951110       0.485427062152587     
   6.30517078068514       0.431638822707356     
   6.32981874185917       0.375378671378501     
   6.35446670303321       0.317425711702180     
   6.37911466420724       0.259653831866446     
   6.40376262538128       0.204687681835744     
   6.42841058655532       0.155214405312507     
   6.45305854772935       0.113275895444873     
   6.47770650890339       7.982377944300399E-002
   6.50235447007742       5.465948944920699E-002
   6.52700243125146       3.670322950994134E-002
   6.55165039242550       2.442434852945103E-002
   6.57629835359954       1.625349157852789E-002
   6.60094631477357       1.085986502581616E-002
   6.62559427594761       7.263683387247437E-003
   6.65024223712165       4.819884181533679E-003
   6.67489019829568       3.135684561727722E-003
   6.69953815946972       1.977238281942513E-003
   6.72418612064375       1.197125028927610E-003
   6.74883408181779       6.911568508465917E-004
   6.77348204299183       3.787096330197708E-004
   6.79813000416587       1.963182649007663E-004
   6.82277796533990       9.608398852463982E-005
   6.84742592651394       4.434095177443678E-005
   6.87207388768797       1.927787469860985E-005
   6.89672184886201       7.892924579949845E-006
   6.92136981003605       3.047061933572837E-006
   6.94601777121008       1.128096762918503E-006
   6.97066573238412       4.711487774697113E-007
   6.99531369355815       4.516536523955981E-007
   7.01996165473219       1.119895897651923E-006
   7.04460961590623       3.346417395199293E-006
   7.06925757708026       9.664833122334888E-006
   7.09390553825430       2.632391376313391E-005
   7.11855349942833       6.746349935511961E-005
   7.14320146060237       1.626635928881751E-004
   7.16784942177641       3.690203787151219E-004
   7.19249738295045       7.877810318373629E-004
   7.21714534412448       1.582818160907684E-003
   7.24179330529852       2.993818601859930E-003
   7.26644126647255       5.332347788440524E-003
   7.29108922764659       8.947067234876106E-003
   7.31573718882063       1.414939788141449E-002
   7.34038514999466       2.110523949148517E-002
   7.36503311116870       2.971932454440595E-002
   7.38968107234274       3.955713293288484E-002
   7.41432903351678       4.985217523559606E-002
   7.43897699469081       5.962521373807903E-002
   7.46362495586485       6.790030934265559E-002
   7.48827291703888       7.395816343777784E-002
   7.51292087821292       7.754334682962931E-002
   7.53756883938696       7.895302566353082E-002
   7.56221680056099       7.897593991551270E-002
   7.58686476173503       7.870047912274186E-002
   7.61151272290906       7.924653933609907E-002
   7.63616068408310       8.148731863983487E-002
   7.66080864525713       8.582106793485708E-002
   7.68545660643117       9.204255998604852E-002
   7.71010456760521       9.935512324314764E-002
   7.73475252877924       0.106547892814071     
   7.75940048995328       0.112325902377718     
   7.78404845112732       0.115721881301113     
   7.80869641230136       0.116460697806970     
   7.83334437347539       0.115128318199262     
   7.85799233464943       0.113045519219707     
   7.88264029582346       0.111856419980226     
   7.90728825699750       0.112967215449712     
   7.93193621817154       0.117047262054244     
   7.95658417934557       0.123788194926210     
   7.98123214051961       0.132010364937290     
   8.00588010169364       0.140061288530497     
   8.03052806286768       0.146339064152324     
   8.05517602404172       0.149744934601393     
   8.07982398521576       0.149926346795676     
   8.10447194638979       0.147274326471735     
   8.12911990756383       0.142731105129882     
   8.15376786873787       0.137508142632832     
   8.17841582991190       0.132807474630981     
   8.20306379108594       0.129603271867541     
   8.22771175225997       0.128503149418238     
   8.25235971343401       0.129685617775813     
   8.27700767460805       0.132901704201168     
   8.30165563578208       0.137528620728250     
   8.32630359695612       0.142665933109616     
   8.35095155813015       0.147267445177665     
   8.37559951930419       0.150302313814798     
   8.40024748047822       0.150932585258052     
   8.42489544165226       0.148679629671825     
   8.44954340282630       0.143535257215028     
   8.47419136400034       0.135969152761571     
   8.49883932517437       0.126805906379190     
   8.52348728634841       0.116991476199386     
   8.54813524752245       0.107320594783073     
   8.57278320869648       9.822420698756640E-002
   8.59743116987052       8.969943631385810E-002
   8.62207913104455       8.140725213600525E-002
   8.64672709221859       7.289167319551423E-002
   8.67137505339263       6.382427394256870E-002
   8.69602301456667       5.417308422086415E-002
   8.72067097574070       4.423581045013615E-002
   8.74531893691474       3.454080028858116E-002
   8.76996689808878       2.567310284676635E-002
   8.79461485926281       1.810356190805856E-002
   8.81926282043685       1.208225075621336E-002
   8.84391078161088       7.618768144826092E-003
   8.86855874278492       4.533579642686057E-003
   8.89320670395896       2.543509130353772E-003
   8.91785466513299       1.344567105551239E-003
   8.94250262630703       6.693993573050777E-004
   8.96715058748106       3.137558287433484E-004
   8.99179854865510       1.384174199900652E-004
   9.01644650982913       5.746441911365524E-005
   9.04109447100317       2.244678722550718E-005
   9.06574243217721       8.249149107265099E-006
   9.09039039335125       2.851860273334053E-006
   9.11503835452528       9.274371270727661E-007
   9.13968631569931       2.837000568736967E-007
   9.16433427687335       8.163523852604246E-008
   9.18898223804739       2.213422337974856E-008
   9.21363019922143       5.829513826153930E-009
   9.23827816039546       2.253057386469044E-009
   9.26292612156950       4.042702765852474E-009
   9.28757408274354       1.456807264489390E-008
   9.31222204391758       5.292871267824801E-008
   9.33687000509161       1.816093219497880E-007
   9.36151796626564       5.863089200424979E-007
   9.38616592743968       1.780648893184472E-006
   9.41081388861372       5.087528159849533E-006
   9.43546184978776       1.367536338376300E-005
   9.46010981096179       3.458694384874457E-005
   9.48475777213583       8.231476827969039E-005
   9.50940573330987       1.843754700109777E-004
   9.53405369448391       3.887556623303083E-004
   9.55870165565794       7.718149328029915E-004
   9.58334961683197       1.443311547143630E-003
   9.60799757800601       2.543349533618493E-003
   9.63264553918005       4.225616140318088E-003
   9.65729350035408       6.623870994476383E-003
   9.68194146152812       9.804895258823554E-003
   9.70658942270216       1.371943719405008E-002
   9.73123738387619       1.816909214886016E-002
   9.75588534505022       2.280679119474101E-002
   9.78053330622426       2.717936747168919E-002
   9.80518126739830       3.080527745295164E-002
   9.82982922857234       3.326623061322249E-002
   9.85447718974637       3.428585047148886E-002
   9.87912515092041       3.377443717909569E-002
   9.90377311209444       3.183251281579105E-002
   9.92842107326848       2.871929248601023E-002
   9.95306903444252       2.479941809418216E-002
   9.97771699561655       2.048146901981189E-002
   10.0023649567906       1.615855365907393E-002
   10.0270129179646       1.215856243164473E-002
   10.0516608791387       8.710337913319953E-003
   10.0763088403127       5.930332165026385E-003
   10.1009568014867       3.830601063596705E-003
   10.1256047626608       2.343792558225150E-003
   10.1502527238348       1.356566933655351E-003
   10.1749006850088       7.418708039341939E-004
   10.1995486461829       3.829671834853598E-004
   10.2241966073569       1.864661098781735E-004
   10.2488445685310       8.557940736444910E-005
   10.2734925297050       3.700427396609642E-005
   10.2981404908790       1.506871299376019E-005
   10.3227884520531       5.777071831049629E-006
   10.3474364132271       2.084692832625527E-006
   10.3720843744011       7.079423421708824E-007
   10.3967323355752       2.262103125607741E-007
   10.4213802967492       6.800441713678038E-008
   10.4460282579232       1.923245375057096E-008
   10.4706762190973       5.116539990615166E-009
   10.4953241802713       1.280383447006967E-009
   10.5199721414454       3.013760628843218E-010
   10.5446201026194       6.672206115901734E-011
   10.5692680637934       1.389351545570438E-011
   10.5939160249675       2.721003931619843E-012
   10.6185639861415       5.012041231928645E-013
   10.6432119473155       8.682884760405379E-014
   10.6678599084896       1.414731159880541E-014
   10.6925078696636       2.167911914414381E-015
   10.7171558308376       3.124389331617841E-016
   10.7418037920117       4.234897522055164E-017
   10.7664517531857       5.398507611961382E-018
   10.7910997143598       6.472270658432640E-019
   10.8157476755338       7.297784968440832E-020
   10.8403956367078       7.738848744322688E-021
   10.8650435978819       7.718131027490655E-022
   10.8896915590559       7.239325661193904E-023
   10.9143395202299       6.386075038242042E-024
   10.9389874814040       5.298094164585991E-025
   10.9636354425780       4.133852142076584E-026
   10.9882834037520       3.033470018638765E-027
   11.0129313649261       2.093504476618975E-028
   11.0375793261001       1.358805938066782E-029
   11.0622272872742       8.294501399601612E-031
   11.0868752484482       4.761813725894466E-032
   11.1115232096222       2.571009969981942E-033
   11.1361711707963       1.305522429309636E-034
   11.1608191319703       6.234679256054555E-036
   11.1854670931443       2.800225998124359E-037
   11.2101150543184       1.182827000787912E-038
   11.2347630154924       4.698925370799798E-040
   11.2594109766664       1.755597812176400E-041
   11.2840589378405       6.168799793610693E-043
   11.3087068990145       2.038569292463878E-044
   11.3333548601886       6.335770473919592E-046
   11.3580028213626       1.851921384194233E-047
   11.3826507825366       5.090902845507234E-049
